0:(21,11),(21,10),(21,9),(21,8),(22,8),(22,7),(22,6),(23,6),(23,5),(22,5),(22,4),(22,3),(23,3),(24,3),(24,2),(25,2),(26,2),(27,2),(28,2),(28,1),(29,1),(29,2),(29,3),(30,3),(30,4),(31,4),(32,4),(33,4),(34,4),(34,5),(34,6),(34,7),(34,8),(34,9),(34,10),(34,11),(34,12),(34,13),(34,14),(34,15),(34,16),(35,16)
1:(13,12),(14,12),(14,11),(14,10),(15,10),(16,10),(16,9),(16,8),(16,7),(17,7),(18,7),(18,6),(18,5),(18,4),(19,4),(20,4),(20,3),(20,3),(21,3),(21,2),(22,2),(23,2),(24,2),(25,2),(26,2),(27,2),(28,2),(29,2),(30,2),(30,3),(30,4),(31,4),(32,4),(33,4),(34,4),(34,5),(34,6),(34,7),(35,7),(36,7),(36,8),(37,8),(37,9),(37,10),(37,11),(37,12),(37,13),(38,13),(39,13),(39,14),(39,15),(39,16),(39,17)
2:(2,2),(3,2),(4,2),(5,2),(6,2),(7,2),(8,2),(9,2),(10,2),(11,2),(12,2),(12,3),(12,4),(13,4),(14,4),(15,4),(15,5),(15,6),(15,7),(15,8),(16,8),(16,9),(17,9),(17,10),(17,11),(17,12),(18,12),(18,13),(18,14),(18,15),(18,16),(18,17),(18,18),(18,19),(18,20),(18,21),(18,22)
3:(34,10),(33,10),(33,9),(33,8),(33,7),(33,6),(33,5),(33,4),(32,4),(31,4),(31,3),(30,3),(30,2),(30,1),(29,1),(28,1),(27,1),(26,1),(25,1),(24,1),(23,1),(22,1),(21,1),(20,1),(19,1),(18,1),(17,1)
4:(42,15),(42,14),(41,14),(40,14),(40,13),(39,13),(39,12),(39,11),(38,11),(37,11),(36,11),(36,10),(36,9),(35,9),(35,8),(35,7),(35,6),(35,5),(35,4)
5:(41,10),(41,11),(41,12),(41,13),(41,14),(40,14),(39,14),(39,15),(39,16),(39,17),(39,18),(39,19),(39,20),(39,21),(39,22)
6:(15,14),(16,14),(17,14),(18,14),(19,14),(19,13),(20,13),(20,12),(21,12),(22,12),(23,12),(23,11),(23,10),(23,9),(23,8),(23,7),(23,6),(23,5),(23,5),(22,5),(22,4),(22,4),(22,3),(23,3),(24,3),(24,3),(25,3),(25,2),(26,2),(27,2),(28,2),(29,2),(30,2),(31,2),(32,2),(33,2),(34,2),(35,2),(36,2),(36,3),(36,4)
7:(39,6),(38,6),(37,6),(37,5),(37,4),(36,4),(36,3),(36,2),(36,1),(35,1),(34,1),(33,1),(32,1),(31,1),(30,1),(29,1),(28,1),(27,1),(26,1),(25,1),(24,1),(23,1)
8:(38,5),(37,5),(37,4),(36,4),(36,3),(35,3),(34,3),(33,3),(32,3),(31,3),(30,3),(29,3),(29,2),(28,2),(27,2),(27,2),(28,2),(28,1),(27,1),(26,1),(25,1),(24,1),(24,1),(24,0),(23,0),(22,0),(21,0),(20,0),(19,0),(18,0),(17,0),(16,0),(15,0),(14,0),(13,0),(12,0),(11,0),(10,0),(9,0),(8,0),(7,0),(6,0),(5,0),(5,1),(4,1),(3,1),(2,1),(1,1)
9:(14,10),(15,10),(15,9),(15,8),(16,8),(17,8),(17,7),(18,7),(18,6),(18,5),(19,5),(20,5),(20,4),(20,3),(20,2),(21,2),(22,2),(23,2),(24,2),(25,2),(26,2),(27,2),(28,2),(29,2),(30,2),(31,2),(32,2),(33,2),(33,3),(33,4),(34,4),(34,5),(34,6),(35,6),(35,7),(36,7),(37,7),(38,7),(38,8),(38,9)
10:(36,5),(35,5),(35,4),(35,3),(34,3),(33,3),(33,2),(32,2),(31,2),(30,2),(29,2),(28,2),(27,2),(26,2),(25,2),(25,3),(24,3),(23,3),(23,4),(23,5)
11:(1,7),(1,6),(1,5),(1,4),(2,4),(2,3),(3,3),(4,3),(4,2),(5,2),(6,2),(7,2),(8,2),(9,2),(10,2),(11,2),(12,2),(13,2),(14,2),(15,2),(16,2),(17,2),(18,2),(18,3),(19,3),(20,3),(21,3),(21,2),(21,1),(22,1),(22,0),(23,0),(24,0),(25,0),(26,0),(27,0),(28,0),(28,1),(29,1),(30,1),(31,1),(32,1),(33,1),(34,1),(34,2),(34,3),(34,4),(34,5),(35,5),(35,6),(35,7),(35,8),(35,9),(36,9),(37,9),(37,10),(38,10),(38,11),(39,11),(40,11),(40,12),(40,13),(40,14),(41,14),(42,14)
12:(36,6),(35,6),(35,5),(35,4),(35,3),(35,2),(34,2),(33,2),(32,2),(31,2),(30,2),(29,2),(28,2),(28,1),(27,1),(26,1),(25,1),(25,2),(25,3),(24,3),(24,4),(23,4),(22,4),(21,4),(20,4),(19,4),(19,5),(19,6),(19,7),(18,7),(18,8),(18,9),(17,9),(17,10),(16,10),(16,11),(15,11),(14,11)
13:(43,13),(43,12),(43,11),(43,10),(43,9),(42,9),(41,9),(41,8),(41,7),(40,7),(40,6),(39,6),(39,5),(38,5),(37,5),(37,4),(37,3),(36,3),(36,2),(36,1),(36,0),(35,0),(34,0),(33,0),(32,0),(31,0)
14:(20,6),(20,5),(20,4),(20,3),(20,2),(21,2),(22,2),(23,2),(24,2),(25,2),(26,2),(27,2),(27,1),(27,0),(28,0),(29,0),(29,1),(30,1),(31,1),(31,2),(32,2),(33,2),(34,2),(35,2),(36,2),(37,2),(38,2),(39,2),(40,2),(41,2),(42,2),(43,2)
15:(18,6),(18,6),(18,5),(18,5),(18,6),(18,7),(18,7),(19,7),(19,7),(19,6),(19,6),(20,6),(21,6),(22,6),(22,5),(22,5),(22,4),(23,4),(24,4),(25,4),(25,4),(24,4),(23,4)
16:(19,12),(19,11),(19,10),(19,9),(19,8),(19,7),(19,6),(20,6),(20,5),(21,5)
17:(4,4),(4,3),(5,3),(5,3),(5,2),(6,2),(7,2),(8,2),(9,2),(10,2),(10,3),(11,3),(11,4),(12,4),(13,4),(13,5),(13,6),(13,7),(13,8),(13,9),(14,9),(15,9),(16,9),(16,10),(17,10),(17,11),(17,12),(17,13),(18,13),(19,13),(20,13),(21,13),(22,13),(22,14),(22,15)
18:(40,23),(39,23),(39,22),(38,22),(38,21),(38,20),(38,19),(38,18),(38,17),(38,16),(37,16),(36,16),(36,15),(36,14),(35,14),(34,14),(34,13),(33,13),(33,12),(33,11),(33,10),(33,9),(33,8),(33,7),(33,6),(33,5),(33,4),(33,3),(32,3),(32,2),(32,1),(31,1),(30,1),(29,1),(28,1),(27,1),(27,0),(26,0),(25,0),(24,0)
19:(33,9),(34,9),(34,10),(34,11),(35,11),(35,12),(35,13),(36,13),(37,13),(38,13),(38,14),(38,15),(38,16),(39,16),(40,16),(41,16),(41,17),(41,18),(41,19),(41,20)
20:(25,2),(24,2),(23,2),(22,2),(21,2),(21,1),(20,1),(19,1),(18,1),(17,1),(16,1),(15,1),(14,1),(13,1),(12,1),(11,1),(11,2),(10,2),(9,2),(8,2),(7,2),(6,2),(5,2),(4,2),(3,2),(3,3),(3,4),(3,5),(3,6),(3,7),(3,8),(3,9)
21:(38,14),(38,13),(38,12),(37,12),(36,12),(36,12),(35,12)
22:(19,20),(20,20),(21,20),(21,19),(21,18),(22,18),(22,17),(22,16),(22,15),(22,14),(22,13),(22,12),(22,11),(22,10),(22,9),(22,8),(22,7),(22,6),(22,5),(22,4),(22,3),(22,2),(23,2),(24,2),(25,2),(26,2),(27,2),(28,2),(29,2),(30,2),(30,3),(31,3),(32,3),(33,3)
23:(34,3),(33,3),(33,2),(32,2),(31,2),(30,2),(29,2),(28,2),(27,2),(26,2),(26,1),(26,2),(25,2),(24,2),(23,2),(22,2),(22,3),(21,3),(21,4),(20,4),(20,5),(19,5),(18,5),(17,5),(16,5),(15,5),(15,6),(15,7),(15,8),(15,9)
24:(1,13),(2,13),(3,13),(3,12),(3,11),(4,11),(4,10),(4,9),(4,8),(4,7),(4,6),(4,5),(4,4),(5,4)
25:(37,14),(36,14),(36,13),(36,12),(36,11),(36,10),(36,9),(35,9),(34,9),(34,8),(33,8),(33,7),(33,6),(33,5),(33,4),(32,4),(31,4),(30,4),(30,3),(30,2),(30,1),(29,1),(28,1),(27,1),(27,0),(26,0),(25,0),(25,1),(25,2),(25,3),(24,3),(23,3),(22,3),(22,4),(22,5),(22,6),(22,7),(21,7),(20,7)
26:(42,2),(42,3),(41,3),(40,3),(39,3),(39,4),(39,5),(38,5),(38,6),(38,7),(38,8),(38,9),(37,9),(37,10),(37,11),(37,12),(37,13),(37,14),(37,15),(37,16)
27:(15,6),(14,6),(14,5),(14,4),(13,4),(12,4),(11,4),(11,3),(11,2),(11,1),(10,1),(9,1),(8,1),(7,1),(6,1),(5,1),(4,1),(4,2),(3,2),(2,2),(2,3),(2,4),(2,5),(2,6),(2,7),(2,8),(2,9),(2,10),(2,11),(2,12),(2,13),(2,14),(2,15),(2,16),(2,17),(2,18)
28:(8,0),(9,0),(10,0),(11,0),(12,0),(13,0),(14,0),(15,0),(16,0),(17,0),(18,0),(19,0),(20,0),(21,0),(22,0),(23,0),(24,0),(25,0),(26,0),(27,0),(28,0),(29,0),(29,1),(30,1),(31,1),(32,1),(33,1),(34,1),(34,2),(35,2),(36,2),(37,2),(37,3),(37,4),(37,5),(38,5),(39,5),(39,6),(40,6),(40,7),(40,8),(41,8),(41,9),(41,10),(42,10)
29:(0,5),(0,4),(0,3),(1,3),(1,2),(2,2),(3,2),(4,2),(5,2),(6,2),(7,2),(8,2),(9,2),(10,2),(10,3),(11,3),(11,4),(12,4),(13,4),(13,5),(14,5),(15,5),(15,6),(16,6),(16,7),(17,7),(17,8),(17,9),(17,10),(18,10),(18,11),(18,12),(18,13),(18,14),(18,15),(18,16),(18,17),(18,18),(18,19),(18,20),(18,21)
30:(29,2),(28,2),(27,2),(26,2),(25,2),(24,2),(23,2),(23,3),(22,3),(22,4),(21,4),(20,4),(19,4),(19,5),(19,6),(19,7),(19,8),(19,9),(18,9),(18,10),(17,10),(16,10),(16,11),(15,11),(14,11),(14,12),(13,12),(13,13),(13,14),(13,15)
31:(41,14),(41,13),(40,13),(39,13),(39,12),(39,11),(39,10)
32:(23,20),(23,19),(23,18),(23,17),(23,16),(23,15),(23,14),(23,13),(23,12),(23,11),(23,10),(23,9),(23,8),(23,7),(23,6),(23,5),(22,5),(22,4),(22,3),(21,3),(21,2),(21,2),(22,2),(23,2),(24,2),(25,2),(26,2),(27,2),(28,2),(29,2),(30,2),(31,2),(32,2),(32,3),(32,4),(33,4),(34,4),(34,5),(34,6),(34,7),(34,8),(34,9),(34,10),(34,11),(34,12),(34,13),(34,14),(34,15),(34,16),(34,17),(35,17),(35,18)
33:(17,12),(17,13),(16,13),(15,13),(15,14),(15,15),(15,16),(15,17),(15,18),(15,19),(15,20),(15,21),(15,22),(15,23)
34:(31,1),(30,1),(29,1),(28,1),(27,1),(26,1),(25,1),(24,1),(23,1),(22,1),(21,1),(20,1),(19,1),(18,1),(17,1),(16,1),(16,2),(15,2),(15,3),(14,3),(13,3),(13,2),(12,2),(11,2),(10,2),(9,2),(8,2),(7,2),(6,2),(5,2),(4,2),(4,3),(4,4),(4,5),(4,6),(4,7),(4,8)
35:(20,3),(21,3),(22,3),(23,3),(24,3),(25,3),(25,2),(26,2),(26,1),(27,1),(28,1),(29,1),(30,1),(30,0),(31,0),(31,1),(31,2),(31,3),(31,4),(32,4),(33,4),(33,5),(33,6),(34,6),(34,7),(34,8),(35,8),(35,9),(35,10),(36,10),(37,10),(38,10),(38,11),(39,11),(39,12),(40,12),(40,13),(40,14),(41,14),(42,14),(42,15),(43,15),(43,16),(43,17),(43,18),(43,19),(43,20)
36:(14,12),(14,11),(15,11),(16,11),(17,11),(18,11),(19,11),(20,11),(20,10),(20,9),(20,8),(20,7),(20,6),(20,5),(20,4),(20,3),(20,2),(21,2),(21,1),(22,1),(22,0),(23,0),(24,0),(25,0),(26,0),(26,1)
37:(14,20),(15,20),(15,19),(15,18),(16,18),(16,17),(17,17),(18,17),(18,16),(19,16),(20,16),(21,16),(22,16),(22,15),(22,14),(22,13),(22,12),(22,11),(22,10),(22,9),(22,8),(22,7),(22,6),(22,5),(22,4),(22,3),(22,3),(22,2)
38:(16,17),(16,16),(15,16),(14,16),(14,15),(14,14),(14,13),(14,12),(14,11),(14,10),(14,9),(14,8),(14,7),(14,6)
39:(15,12),(16,12),(17,12),(18,12),(18,11),(18,10),(18,9),(18,8),(18,7),(18,6),(18,5),(18,4),(18,3),(19,3),(19,2),(20,2),(20,1),(20,1),(20,2),(20,3),(21,3),(22,3),(23,3),(24,3),(25,3),(25,3),(25,2),(26,2),(27,2),(28,2),(29,2),(30,2),(31,2),(31,3),(31,4),(32,4),(33,4),(33,5),(33,6),(34,6),(35,6),(36,6),(37,6),(38,6),(39,6),(40,6)
40:(35,15),(35,14),(35,13),(35,12),(34,12),(34,11),(33,11),(33,10),(33,9),(33,8),(33,7),(33,6),(33,5),(33,4),(32,4),(32,3),(31,3),(30,3),(30,2),(29,2),(28,2),(28,1),(27,1),(26,1),(25,1),(24,1),(24,2),(24,3),(23,3),(22,3),(22,4),(22,5),(22,6),(23,6),(23,7),(23,8),(23,9),(23,10),(23,11),(23,12),(23,13),(23,14),(23,15),(23,16)
41:(1,0),(2,0),(3,0),(4,0),(5,0),(6,0),(7,0),(8,0),(9,0),(10,0),(11,0),(12,0),(13,0),(14,0),(14,1),(15,1)
42:(18,15),(17,15),(16,15),(16,14),(16,13),(16,12),(16,11),(15,11),(15,10),(15,9),(15,8),(15,7),(15,6),(15,5),(15,4),(15,3),(14,3),(13,3),(12,3),(11,3),(10,3),(10,2),(9,2),(8,2),(7,2),(6,2),(5,2),(4,2),(4,3),(4,4),(4,5),(4,6),(4,7),(4,8),(4,9),(4,10),(4,11),(4,12),(4,13),(4,14),(4,15),(4,16),(4,17),(4,18),(4,19),(4,20)
43:(40,22),(39,22),(39,21),(39,20),(38,20),(37,20),(37,19),(36,19),(35,19),(34,19),(34,18),(34,17),(34,16),(34,15),(34,14),(34,13),(34,12),(34,11),(34,10),(34,9),(34,8),(34,7),(34,6),(34,5),(33,5),(33,4),(33,3),(32,3),(32,2),(31,2),(31,1),(30,1),(29,1),(28,1),(27,1),(27,2),(26,2),(25,2),(25,3),(24,3),(23,3),(22,3),(21,3),(20,3),(20,4),(19,4),(19,5),(18,5),(18,6),(17,6),(16,6),(16,7)
44:(20,20),(20,19),(20,18),(20,17),(20,16),(20,15),(20,14),(20,13),(20,12),(20,11),(20,10),(20,9),(20,8),(20,7),(20,6),(19,6),(19,5),(19,4),(19,3),(19,2)
45:(26,0),(25,0),(24,0),(24,1),(23,1),(23,2),(23,3),(22,3),(21,3),(20,3),(20,4),(19,4),(19,5),(18,5),(18,6),(17,6),(17,7),(16,7),(16,7),(15,7),(15,8),(14,8),(14,9)
46:(18,3),(19,3),(20,3),(21,3),(22,3),(23,3),(24,3),(24,2),(25,2),(25,1),(25,0),(26,0),(27,0),(28,0),(29,0),(30,0),(31,0),(32,0),(33,0),(34,0),(35,0),(35,1),(35,0),(36,0),(37,0),(38,0),(39,0)
47:(0,1),(1,1),(1,2),(2,2),(3,2),(4,2),(5,2),(6,2),(7,2),(8,2),(9,2),(10,2),(11,2),(11,3),(12,3),(13,3),(13,4),(14,4),(15,4),(16,4),(17,4),(18,4),(19,4),(19,5),(20,5)
48:(23,3),(22,3),(22,4),(22,5),(22,6),(21,6),(21,7),(21,8),(21,9),(21,10),(21,11),(21,12),(21,13),(21,14),(21,15),(21,16),(21,17),(21,18)
49:(42,16),(42,15),(41,15),(40,15),(40,14),(39,14),(38,14),(38,13),(38,12),(37,12),(37,11),(36,11),(36,10),(36,9),(36,8),(35,8),(35,7),(34,7),(34,6),(34,5),(34,4),(34,3),(33,3),(32,3),(31,3),(30,3),(30,2),(30,1),(29,1),(28,1),(27,1),(27,1),(27,2),(26,2),(25,2),(25,3),(24,3),(23,3),(22,3),(22,4),(22,5),(22,6),(21,6),(21,7),(21,8),(21,9)
